000.0E-6
001.0E-6
002.0E-6
003.0E-6
005.0E-6
008.0E-6
011.0E-6
014.0E-6
017.0E-6
021.0E-6
025.0E-6 
040.0E-6
050.0E-6
060.0E-6
080.0E-6
100.0E-6
120.0E-6
140.0E-6
160.0E-6
170.0E-6
173.0E-6
176.0E-6
179.0E-6
182.0E-6
185.0E-6
188.0E-6
191.0E-6
194.0E-6
195.0E-6
196.0E-6 
197.0E-6
198.0E-6
199.0E-6
200.0E-6
201.0E-6
202.0E-6
203.0E-6
204.0E-6
205.0E-6
208.0E-6
211.0E-6
214.0E-6
217.0E-6
220.0E-6
224.0E-6
228.0E-6
232.0E-6
236.0E-6
240.0E-6
244.0E-6
248.0E-6
252.0E-6
256.0E-6
260.0E-6
264.0E-6
268.0E-6 
272.0E-6
276.0E-6
280.0E-6
284.0E-6
288.0E-6
292.0E-6
296.0E-6
300.0E-6
304.0E-6
308.0E-6
312.0E-6
316.0E-6
320.0E-6
324.0E-6
328.0E-6
332.0E-6
336.0E-6
340.0E-6
344.0E-6
348.0E-6
352.0E-6
356.0E-6
360.0E-6
364.0E-6
368.0E-6
372.0E-6
376.0E-6
380.0E-6
383.0E-6
386.0E-6
389.0E-6
391.0E-6
393.0E-6
395.0E-6
396.0E-6
397.0E-6
398.0E-6
399.0E-6
400.0E-6
