0.0
001.0E-6
002.0E-6
003.0E-6
005.0E-6
008.0E-6
009.0E-6
010.0E-6
015.0E-6
020.0E-6
030.0E-6
040.0E-6 
050.0E-6
060.0E-6
070.0E-6
080.0E-6
090.0E-6
100.0E-6
200.0E-6
300.0E-6
400.0E-6
500.0E-6
600.0E-6
700.0E-6
705.0E-6
710.0E-6 
720.0E-6
730.0E-6
740.0E-6
750.0E-6
760.0E-6
770.0E-6
780.0E-6
790.0E-6
791.0E-6  
792.0E-6
793.0E-6
794.0E-6
795.0E-6
796.0E-6
797.0E-6
798.0E-6
799.0E-6
800.0E-6
801.0E-6  
802.0E-6
803.0E-6
804.0E-6
805.0E-6
806.0E-6
807.0E-6
808.0E-6
809.0E-6
810.0E-6 
815.0E-6
008.2E-4
008.3E-4
008.4E-4
008.5E-4
008.6E-4
008.7E-4
008.8E-4
008.9E-4
009.0E-4
010.0E-4
011.0E-4
012.0E-4
013.0E-4
014.0E-4 
015.0E-4
016.0E-4
